INKY OPEN RIGHT:

34346,34346,0,0,0,0,34346,34346,34346,0,57599,57599,57599,57599,0,34346,0,65535,
65535,57599,57599,65535,65535,0,0,65535,252,57599,57599,65535,252,0,0,65535,6553
5,57599,57599,65535,65535,0,0,57599,57599,57599,57599,57599,57599,0,0,57599,0,57
599,57599,0,57599,0,0,0,34346,0,0,34346,0,0,

INKY OPEN TOP:

34346,34346,0,0,0,0,34346,34346,34346,0,57599,57599,57599,57599,0,34346,0,65535,
252,57599,57599,252,65535,0,0,65535,65535,57599,57599,65535,65535,0,0,65535,6553
5,57599,57599,65535,65535,0,0,57599,57599,57599,57599,57599,57599,0,0,57599,0,57
599,57599,0,57599,0,0,0,34346,0,0,34346,0,0,

INKY OPEN LEFT:

34346,34346,0,0,0,0,34346,34346,34346,0,57599,57599,57599,57599,0,34346,0,65535,
65535,57599,57599,65535,65535,0,0,252,65535,57599,57599,252,65535,0,0,65535,6553
5,57599,57599,65535,65535,0,0,57599,57599,57599,57599,57599,57599,0,0,57599,0,57
599,57599,0,57599,0,0,0,34346,0,0,34346,0,0,

INKY OPEN BOTTOM:

34346,34346,0,0,0,0,34346,34346,34346,0,57599,57599,57599,57599,0,34346,0,65535,
65535,57599,57599,65535,65535,0,0,65535,65535,57599,57599,65535,65535,0,0,65535,
252,57599,57599,252,65535,0,0,57599,57599,57599,57599,57599,57599,0,0,57599,0,57
599,57599,0,57599,0,0,0,34346,0,0,34346,0,0,