CHERRY:

34346,34346,34346,22355,22355,22355,22355,22355,34346,34346,22355,34346,34346,34
346,22355,34346,34346,0,0,0,34346,22355,34346,34346,0,65535,40224,40224,0,0,0,34
346,0,40224,40224,0,40224,65535,40224,0,0,40224,40224,0,40224,40224,40224,0,3434
6,0,0,0,40224,40224,40224,0,34346,34346,34346,34346,0,0,0,34346,

PELLET:

34346,34346,34346,34346,34346,34346,34346,34346,34346,34346,34346,34346,34346,34
346,34346,34346,34346,34346,34346,34346,34346,34346,34346,34346,34346,34346,3434
6,40862,40862,34346,34346,34346,34346,34346,34346,40862,40862,34346,34346,34346,
34346,34346,34346,34346,34346,34346,34346,34346,34346,34346,34346,34346,34346,34
346,34346,34346,34346,34346,34346,34346,34346,34346,34346,34346,

POWERUP:

34346,34346,40862,40862,40862,40862,34346,34346,34346,40862,40862,40862,40862,40
862,40862,34346,40862,40862,40862,40862,40862,40862,40862,40862,40862,40862,4086
2,40862,40862,40862,40862,40862,40862,40862,40862,40862,40862,40862,40862,40862,
40862,40862,40862,40862,40862,40862,40862,40862,34346,40862,40862,40862,40862,40
862,40862,34346,34346,34346,40862,40862,40862,40862,34346,34346,
