CLYDE OPEN RIGHT:

34346,34346,0,0,0,0,34346,34346,34346,0,16142,16142,16142,16142,0,34346,0,65535,
65535,16142,16142,65535,65535,0,0,65535,252,16142,16142,65535,252,0,0,65535,6553
5,16142,16142,65535,65535,0,0,16142,16142,16142,16142,16142,16142,0,0,16142,0,16
142,16142,0,16142,0,0,0,34346,0,0,34346,0,0,

CLYDE OPEN TOP:

34346,34346,0,0,0,0,34346,34346,34346,0,16142,16142,16142,16142,0,34346,0,65535,
252,16142,16142,252,65535,0,0,65535,65535,16142,16142,65535,65535,0,0,65535,6553
5,16142,16142,65535,65535,0,0,16142,16142,16142,16142,16142,16142,0,0,16142,0,16
142,16142,0,16142,0,0,0,34346,0,0,34346,0,0,

CLYDE OPEN LEFT:

34346,34346,0,0,0,0,34346,34346,34346,0,16142,16142,16142,16142,0,34346,0,65535,
65535,16142,16142,65535,65535,0,0,252,65535,16142,16142,252,65535,0,0,65535,6553
5,16142,16142,65535,65535,0,0,16142,16142,16142,16142,16142,16142,0,0,16142,0,16
142,16142,0,16142,0,0,0,34346,0,0,34346,0,0,

CLYDE OPEN BOTTOM:

34346,34346,0,0,0,0,34346,34346,34346,0,16142,16142,16142,16142,0,34346,0,65535,
65535,16142,16142,65535,65535,0,0,65535,65535,16142,16142,65535,65535,0,0,65535,
252,16142,16142,252,65535,0,0,16142,16142,16142,16142,16142,16142,0,0,16142,0,16
142,16142,0,16142,0,0,0,34346,0,0,34346,0,0,