PACMAN OPEN RIGHT:

34346,34346,0,0,0,0,34346,34346,34346,0,65287,65287,65287,65287,0,34346,0,65287,
65287,0,65287,65287,0,34346,0,65287,65287,65287,65287,0,34346,34346,0,65287,6528
7,65287,0,34346,34346,34346,0,65287,65287,65287,65287,0,34346,34346,34346,0,6528
7,65287,65287,65287,0,34346,34346,34346,0,0,0,0,34346,34346,

PACMAN OPEN TOP:

34346,34346,34346,34346,34346,34346,34346,34346,34346,0,0,34346,34346,34346,0,34
346,0,65287,65287,0,34346,0,65287,0,0,65287,65287,65287,0,65287,65287,0,0,65287,
0,65287,65287,65287,65287,0,0,65287,65287,65287,65287,65287,65287,0,34346,0,6528
7,65287,65287,65287,0,34346,34346,34346,0,0,0,0,34346,34346,

PACMAN OPEN LEFT:

34346,34346,0,0,0,0,34346,34346,34346,0,65287,65287,65287,65287,0,34346,34346,0,
65287,65287,0,65287,65287,0,34346,34346,0,65287,65287,65287,65287,0,34346,34346,
34346,0,65287,65287,65287,0,34346,34346,0,65287,65287,65287,65287,0,34346,0,6528
7,65287,65287,65287,0,34346,34346,34346,0,0,0,0,34346,34346,

PACMAN OPEN BOTTOM:

34346,34346,0,0,0,0,34346,34346,34346,0,65287,65287,65287,65287,0,34346,0,65287,
65287,65287,65287,65287,65287,0,0,65287,65287,65287,65287,0,65287,0,0,65287,6528
7,0,65287,65287,65287,0,0,65287,0,34346,0,65287,65287,0,34346,0,34346,34346,3434
6,0,0,34346,34346,34346,34346,34346,34346,34346,34346,34346,
