PACMAN CLOSED RIGHT:

34346,34346,0,0,0,0,34346,34346,34346,0,65287,65287,65287,65287,0,34346,0,65287,
65287,0,65287,65287,65287,0,0,65287,65287,65287,65287,65287,65287,0,0,65287,6528
7,65287,0,0,0,0,0,65287,65287,65287,65287,65287,65287,0,34346,0,65287,65287,6528
7,65287,0,34346,34346,34346,0,0,0,0,34346,34346,

PACMAN CLOSED TOP:

34346,34346,0,0,0,0,34346,34346,34346,0,65287,65287,0,65287,0,34346,0,65287,6528
7,65287,0,65287,65287,0,0,65287,65287,65287,0,65287,65287,0,0,65287,0,65287,6528
7,65287,65287,0,0,65287,65287,65287,65287,65287,65287,0,34346,0,65287,65287,6528
7,65287,0,34346,34346,34346,0,0,0,0,34346,34346,

PACMAN CLOSED LEFT:

34346,34346,0,0,0,0,34346,34346,34346,0,65287,65287,65287,65287,0,34346,0,65287,
65287,65287,0,65287,65287,0,0,65287,65287,65287,65287,65287,65287,0,0,0,0,0,6528
7,65287,65287,0,0,65287,65287,65287,65287,65287,65287,0,34346,0,65287,65287,6528
7,65287,0,34346,34346,34346,0,0,0,0,34346,34346,

PACMAN CLOSED BOTTOM:

34346,34346,0,0,0,0,34346,34346,34346,0,65287,65287,65287,65287,0,34346,0,65287,
65287,65287,65287,65287,65287,0,0,65287,65287,65287,65287,0,65287,0,0,65287,6528
7,0,65287,65287,65287,0,0,65287,65287,0,65287,65287,65287,0,34346,0,65287,0,6528
7,65287,0,34346,34346,34346,0,0,0,0,34346,34346,
