PINKY OPEN RIGHT:

34346,34346,0,0,0,0,34346,34346,34346,0,57293,57293,57293,57293,0,34346,0,65535,
65535,57293,57293,65535,65535,0,0,65535,252,57293,57293,65535,252,0,0,65535,6553
5,57293,57293,65535,65535,0,0,57293,57293,57293,57293,57293,57293,0,0,57293,0,57
293,57293,0,57293,0,0,0,34346,0,0,34346,0,0,

PINKY OPEN TOP:

34346,34346,0,0,0,0,34346,34346,34346,0,57293,57293,57293,57293,0,34346,0,65535,
252,57293,57293,252,65535,0,0,65535,65535,57293,57293,65535,65535,0,0,65535,6553
5,57293,57293,65535,65535,0,0,57293,57293,57293,57293,57293,57293,0,0,57293,0,57
293,57293,0,57293,0,0,0,34346,0,0,34346,0,0,

PINKY OPEN LEFT:

34346,34346,0,0,0,0,34346,34346,34346,0,57293,57293,57293,57293,0,34346,0,65535,
65535,57293,57293,65535,65535,0,0,252,65535,57293,57293,252,65535,0,0,65535,6553
5,57293,57293,65535,65535,0,0,57293,57293,57293,57293,57293,57293,0,0,57293,0,57
293,57293,0,57293,0,0,0,34346,0,0,34346,0,0,

PINKY OPEN BOTTOM:

34346,34346,0,0,0,0,34346,34346,34346,0,57293,57293,57293,57293,0,34346,0,65535,
65535,57293,57293,65535,65535,0,0,65535,65535,57293,57293,65535,65535,0,0,65535,
252,57293,57293,252,65535,0,0,57293,57293,57293,57293,57293,57293,0,0,57293,0,57
293,57293,0,57293,0,0,0,34346,0,0,34346,0,0,