CURVE TOP LEFT:

34346,34346,34346,34346,34346,34346,34346,34346,34346,34346,34346,34346,34346,34
346,34346,34346,34346,34346,34346,248,248,248,248,248,34346,34346,248,248,248,24
8,248,248,34346,34346,248,248,248,248,248,248,34346,34346,248,248,248,248,248,24
8,34346,34346,248,248,248,248,34346,34346,34346,34346,248,248,248,248,34346,3434
6,

CURVE TOP RIGHT:

34346,34346,34346,34346,34346,34346,34346,34346,34346,34346,34346,34346,34346,34
346,34346,34346,248,248,248,248,248,34346,34346,34346,248,248,248,248,248,248,34
346,34346,248,248,248,248,248,248,34346,34346,248,248,248,248,248,248,34346,3434
6,34346,34346,248,248,248,248,34346,34346,34346,34346,248,248,248,248,34346,3434
6,

CURVE BOTTOM LEFT:

34346,34346,248,248,248,248,34346,34346,34346,34346,248,248,248,248,34346,34346,
34346,34346,248,248,248,248,248,248,34346,34346,248,248,248,248,248,248,34346,34
346,248,248,248,248,248,248,34346,34346,34346,248,248,248,248,248,34346,34346,34
346,34346,34346,34346,34346,34346,34346,34346,34346,34346,34346,34346,34346,3434
6,

CURVE BOTTOM RIGHT:

34346,34346,248,248,248,248,34346,34346,34346,34346,248,248,248,248,34346,34346,
248,248,248,248,248,248,34346,34346,248,248,248,248,248,248,34346,34346,248,248,
248,248,248,248,34346,34346,248,248,248,248,248,34346,34346,34346,34346,34346,34
346,34346,34346,34346,34346,34346,34346,34346,34346,34346,34346,34346,34346,3434
6,

HORIZTONAL:

34346,34346,34346,34346,34346,34346,34346,34346,34346,34346,34346,34346,34346,34
346,34346,34346,248,248,248,248,248,248,248,248,248,248,248,248,248,248,248,248,
248,248,248,248,248,248,248,248,248,248,248,248,248,248,248,248,34346,34346,3434
6,34346,34346,34346,34346,34346,34346,34346,34346,34346,34346,34346,34346,34346,

VERTICAL:

34346,34346,248,248,248,248,34346,34346,34346,34346,248,248,248,248,34346,34346,
34346,34346,248,248,248,248,34346,34346,34346,34346,248,248,248,248,34346,34346,
34346,34346,248,248,248,248,34346,34346,34346,34346,248,248,248,248,34346,34346,
34346,34346,248,248,248,248,34346,34346,34346,34346,248,248,248,248,34346,34346,

GATE:

34346,34346,34346,34346,34346,34346,34346,34346,34346,34346,34346,34346,34346,34
346,34346,34346,57293,57293,57293,57293,57293,57293,57293,57293,57293,57293,5729
3,57293,57293,57293,57293,57293,57293,57293,57293,57293,57293,57293,57293,57293,
57293,57293,57293,57293,57293,57293,57293,57293,34346,34346,34346,34346,34346,34
346,34346,34346,34346,34346,34346,34346,34346,34346,34346,34346,

BLANK:

42538,34346,34346,34346,34346,34346,34346,34346,42538,34346,34346,34346,34346,34
346,34346,34346,42538,34346,34346,34346,34346,34346,34346,34346,34346,34346,3434
6,34346,34346,34346,34346,34346,34346,34346,34346,34346,34346,34346,34346,34346,
34346,34346,34346,34346,34346,34346,34346,34346,34346,34346,34346,34346,34346,34
346,34346,34346,34346,34346,34346,34346,34346,34346,34346,34346,

TRI RIGHT:
34346,34346,248,248,248,248,34346,34346,34346,34346,248,248,248,248,34346,34346,
34346,34346,248,248,248,248,248,248,34346,34346,248,248,248,248,248,248,34346,34
346,248,248,248,248,248,248,34346,34346,248,248,248,248,248,248,34346,34346,248,
248,248,248,34346,34346,34346,34346,248,248,248,248,34346,34346,

TRI TOP:

34346,34346,248,248,248,248,34346,34346,34346,34346,248,248,248,248,34346,34346,
248,248,248,248,248,248,248,248,248,248,248,248,248,248,248,248,248,248,248,248,
248,248,248,248,248,248,248,248,248,248,248,248,34346,34346,34346,34346,34346,34
346,34346,34346,34346,34346,34346,34346,34346,34346,34346,34346,

TRI LEFT:

34346,34346,248,248,248,248,34346,34346,34346,34346,248,248,248,248,34346,34346,
248,248,248,248,248,248,34346,34346,248,248,248,248,248,248,34346,34346,248,248,
248,248,248,248,34346,34346,248,248,248,248,248,248,34346,34346,34346,34346,248,
248,248,248,34346,34346,34346,34346,248,248,248,248,34346,34346,

TRI BOTTOM:

34346,34346,34346,34346,34346,34346,34346,34346,34346,34346,34346,34346,34346,34
346,34346,34346,248,248,248,248,248,248,248,248,248,248,248,248,248,248,248,248,
248,248,248,248,248,248,248,248,248,248,248,248,248,248,248,248,34346,34346,248,
248,248,248,34346,34346,34346,34346,248,248,248,248,34346,34346,