BLINKY OPEN RIGHT:

34346,34346,0,0,0,0,34346,34346,34346,0,40224,40224,40224,40224,0,34346,0,65535,
65535,40224,40224,65535,65535,0,0,65535,252,40224,40224,65535,252,0,0,65535,6553
5,40224,40224,65535,65535,0,0,40224,40224,40224,40224,40224,40224,0,0,40224,0,40
224,40224,0,40224,0,0,0,34346,0,0,34346,0,0,

BLINKY OPEN TOP:

34346,34346,0,0,0,0,34346,34346,34346,0,40224,40224,40224,40224,0,34346,0,65535,
252,40224,40224,252,65535,0,0,65535,65535,40224,40224,65535,65535,0,0,65535,6553
5,40224,40224,65535,65535,0,0,40224,40224,40224,40224,40224,40224,0,0,40224,0,40
224,40224,0,40224,0,0,0,34346,0,0,34346,0,0,

BLINKY OPEN LEFT:

34346,34346,0,0,0,0,34346,34346,34346,0,40224,40224,40224,40224,0,34346,0,65535,
65535,40224,40224,65535,65535,0,0,252,65535,40224,40224,252,65535,0,0,65535,6553
5,40224,40224,65535,65535,0,0,40224,40224,40224,40224,40224,40224,0,0,40224,0,40
224,40224,0,40224,0,0,0,34346,0,0,34346,0,0,

BLINKY OPEN BOTTOM:

34346,34346,0,0,0,0,34346,34346,34346,0,40224,40224,40224,40224,0,34346,0,65535,
65535,40224,40224,65535,65535,0,0,65535,65535,40224,40224,65535,65535,0,0,65535,
252,40224,40224,252,65535,0,0,40224,40224,40224,40224,40224,40224,0,0,40224,0,40
224,40224,0,40224,0,0,0,34346,0,0,34346,0,0,